25829,25382,25218,25094,25558,25075,25233,25622,26176,25960,25032,24888,26012,25857,5069,25674,26025,25209,26015,25232,25247,24852,25376,25106,26152,25416,25629,25770,25051,25335,5052,21181,25310,25189,25099,25626,24909,25391,25336,25711,25639,25821,24844,25990,24999,25734,25473,25851,24978,25605,24912,24989,24862,25314,25837,26099,25991,104,25040,26079,24922,25284,25087,20005,25422,25449,24946,25482,25462,25801,25055,25500,25682,19958,26135,25651,24988,5061,25757,26168,26075,25557,25213,25969,25120,25472,25421,25858,25351,25365,25334,25282,26089,25190,25166,25782,25362,25317,25735,19983,25180,24847,26111,25835,95,19988,25593,24945,25468,25342,25308,25514,25561,25252,25092,19953,24842,24810,24867,25664,25316,25803,25661,19952,24849,25850,25074,25414,25676,24858,25346,25602,25116,24857,20011,25594,24976,26145,24883,25774,26083,25451,25800,24885,25406,9094,25030,24923,9091,24951,20003,25047,25704,25207,24944,25597,24953,25643,25703,25403,25488,24979,25056,24911,19920,25775,25242,24987,25039,9112,25432,25112,24973,26154,25295,26010,24817,25728,25341,24861,24919,25830,25724,25367,25236,25288,25359,25303,25429,20007,25041,25206,26009,9092,25108,25862,19921,25738,25637,25716,24873,25264,25401,25184,25553,25563,25278,25790,25680,25609,9105,26137,26147,25513,19992,25420,25394,25448,24980,24900,25628,25542,25121,25298,25612,24968,25662,25528,9113,25874,25101,5058,25026,25717,19994,26086,25259,24836,25100,26149,25667,25028,26084,25095,25596,24824,19923,25965,24838,25400,25502,25503,25766,25118,19963,24947,24903,25239,26104,25130,25098,26174,26081,19991,24913,24942,24886,25834,24905,25696,25037,24859,25841,19955,25386,25847,25446,25522,25331,26069,25776,9127,24891,19995,25796,25043,24812,26071,25743,24845,25191,25296,25216,25702,24822,25852,24962,9099,26179,25510,25668,19929,25787,24926,25397,25507,25220,24818,25291,25230,24804,9125,19914,19965,25042,26178,24832,25945,26120,25673,26156,24881,19990,25881,26163,25172,25607,25275,25638,25475,24930,24937,25964,25485,25268,19999,25592,25956,25171,25818,24941,5055,19997,26175,25819,9088,25227,26109,21173,24805,25231,25115,25657,25364,25378,25634,26108,25733,25497,25048,25304,25132,5051,25493,9101,25081,25119,19989,25792,20006,9116,24925,26136,25267,26011,25271,19935,24921,25325,26097,25532,25452,25226,25455,5045,24969,26164,25826,25650,25579,5064,25285,26159,25045,9104,25823,25080,25353,24914,25085,5049,19993,25088,25289,26114,25741,26072,5070,24830,9089,25358,24904,25536,24910,26019,26130,25251,19979,25057,25740,26140,24843,25966,25165,25035,20009,19930,25311,25786,9115,25677,19986,19996,25873,26142,25323,25840,25355,24893,24874,25011,19939,24896,25684,25124,24813,25086,25511,25072,25484,24840,25746,107,25280,24821,25009,19918,25361,25261,25415,25705,25692,25196,24981,25387,25319,24901,25838,9098,24808,98,25623,25751,25963,24815,19,19928,96,25186,19998,24971,25134,24932,25983,25671,25352,25688,5060,26155,25506,25710,26098,25069,19926,26093,9095,20008,25817,24933,25089,25029,25884,24860,25489,25699,25660,25034,25240,25794,25076,25726,24924,25369,25691,25618,25438,25418,25791,19957,9120,25518,25876,25340,25731,25633,24952,25091,20001,19937,25984,25685,25971,25653,25409,24828,26096,9093,5067,26139,25864,24831,26014,19981,25004,26126,25222,25324,25270,24943,9130,19945,89,25755,25248,19924,19964,25265,24956,25739,25961,25669,26153,26134,25562,25764,25678,26173,25274,24866,25538,19938,19962,25049,24855,24920,25313,26020,25277,25784,25269,9106,9126,25758,25224,25315,25111,25679,25644,25258,25809,26157,25225,9107,25083,25417,25273,19982,25659,19977,19976,26148,25725,25299,25234,24851,24899,25068,9097,25537,25762,25430,25828,26158,25483,24865,25001,25730,25445,19941,25202,25272,25797,25241,5048,5057,15836,24848,24823,24975,19987,25476,25312,25061,5062,25002,26074,25545,25383,25182,25356,26160,24931,25546,25865,26113,9119,25385,25531,25413,24872,25228,25808,25128,25526,24906,26021,25077,25388,19940,20000,25769,25379,26167,25093,25053,25052,25131,25635,26070,24819,25301,24875,19917,25363,25471,25977,26110,25136,25428,25169,19942,25747,25000,24806,24936,25868,25249,24827,19985,20,25878,25519,25816,20010,25619,25330,26080,25019,26013,25752,24839,102,25804,26008,25754,26090,25350,25846,25407,24955,25807,24895,24907,9103,24949,25427,25718,16360,25712,26018,25007,25695,25366,26073,24868,25533,25339,25601,25404,26143,24807,25215,25235,19947,99,24958,25863,5056,25508,26082,25281,26171,25254,9122,25737,25109,19948,25777,19913,25883,25714,25343,25569,25127,25082,105,25419,25539,25102,5059,25603,9121,25780,25297,25708,26129,25105,24990,26024,25591,25384,5050,24928,25062,19954,25466,24997,109,25097,25756,25469,24993,25212,24961,24814,5053,24917,26125,24950,19961,25300,25648,25126,25670,25701,26016,25773,20004,24948,25439,24959,25104,24854,26091,25326,25320,25541,24985,25214,24876,25031,24837,25309,19978,25647,24970,5047,24820,25636,26128,25458,25103,26161,25078,25113,25426,24938,26026,9100,19949,19980,25490,25968,25765,25625,24863,91,25292,24939,19934,24918,25012,24809,9102,25380,26123,24889,25559,25861,25390,25125,25064,25054,25552,24902,25606,19927,24998,26101,25672,25238,25459,25405,19944,19946,25753,5072,25244,25327,26177,24826,24835,19984,26170,25071,25322,25974,19925,5068,26077,24887,25243,24915,26122,24897,25450,25732,25163,25487,5046,25598,26068,25442,25646,25464,25640,25799,25293,24916,25736,19911,26007,26022,24972,21,25627,24894,24929,24940,25520,24871,25645,25107,25237,25789,9123,24816,25408,25398,25515,5054,25723,24870,24829,25665,25547,19933,9090,25544,25423,19932,25517,25860,25833,19951,26023,25333,26102,25745,26027,24882,25402,25038,26133,25286,25788,5066,26166,25084,25065,25486,24898,25880,25354,25706,24935,19956,25424,25467,24957,24934,25395,24853,25096,25516,25845,25709,25470,25972,25521,20002,25431,26112,25492,25540,24963,25509,25059,26150,26180,26119,25063,25123,25162,25882,25649,25117,25763,9108,26165,26115,26118,25287,19936,26141,25329,25767,25632,19960,25599,24995,25525,24927,24856,25749,25223,19919,103,25110,25283,25266,25608,19943,25681,26131,25003,25948,25554,25306,26121,24869,25687,25666,25504,25211,26169,24877,26116,25135,25875,25208,25989,26151,19931,25033,25205,25332,19969,25256,25495,24846,25344,25535,106,25694,19950,19915,25245,24954,25491,25760,25689,25655,21177,24811,25453,24841,24892,25721,25090,25624,25204,25447,24834,5065,25444,25849,25781,25399
"872    1297
Name: OBSPRED_ID, dtype: int64","1186    366
1187    442
1188    713
1189    768
1190    820
1191    871
1192    964
Name: OBSPRED_ID, dtype: int64","728    1626
729    1637
730    1650
731    1673
732    1697
733    1722
734    1747
735    1773
736    1799
Name: OBSPRED_ID, dtype: int64","2425    2036
2426    2093
2427    2157
Name: OBSPRED_ID, dtype: int64","1175    1153
1176    1448
Name: OBSPRED_ID, dtype: int64","2356    2083
Name: OBSPRED_ID, dtype: int64","142    1810
Name: OBSPRED_ID, dtype: int64","1721    1175
Name: OBSPRED_ID, dtype: int64","680    1991
Name: OBSPRED_ID, dtype: int64","2488    2991
Name: OBSPRED_ID, dtype: int64","2400    2066
2401    2115
Name: OBSPRED_ID, dtype: int64","3005    2743
Name: OBSPRED_ID, dtype: int64","3016    2237
3017    2252
3018    2262
3019    2271
Name: OBSPRED_ID, dtype: int64","1355    1530
Name: OBSPRED_ID, dtype: int64","2830    3030
2831    3037
2832    3167
2833    3185
2834    3207
2835    3230
Name: OBSPRED_ID, dtype: int64","1023    1253
Name: OBSPRED_ID, dtype: int64","2889    3252
Name: OBSPRED_ID, dtype: int64","647    1663
648    1687
649    1712
650    1737
651    1762
652    1788
Name: OBSPRED_ID, dtype: int64","2532    2239
2533    2246
2534    2264
2535    2273
Name: OBSPRED_ID, dtype: int64","148    1809
Name: OBSPRED_ID, dtype: int64","1508      3
1509     12
1510     27
1511     42
1512     64
1513     92
1515    135
1517    199
1518    277
1520    415
1521    479
1522    550
1523    617
1524    690
1525    742
1526    795
1527    846
1528    938
Name: OBSPRED_ID, dtype: int64","500    2622
501    2654
502    2661
503    2670
504    2679
Name: OBSPRED_ID, dtype: int64","1728     52
1729     75
1730    108
1731    154
1732    222
1733    298
1734    362
1735    438
1736    502
1737    571
1738    638
1739    711
1740    765
1741    818
1742    869
1743    961
Name: OBSPRED_ID, dtype: int64","2452    2047
2453    2167
Name: OBSPRED_ID, dtype: int64","1878    1827
1879    1837
Name: OBSPRED_ID, dtype: int64","260     25
261     40
262     62
263     87
264    123
265    173
266    244
267    313
268    384
269    462
270    525
271    595
272    662
273    732
274    786
275    838
276    888
277    982
Name: OBSPRED_ID, dtype: int64","1324    1184
Name: OBSPRED_ID, dtype: int64","1173    1353
1174    1449
Name: OBSPRED_ID, dtype: int64","2445    2074
2446    2129
Name: OBSPRED_ID, dtype: int64","123    670
Name: OBSPRED_ID, dtype: int64","2036    3013
2037    3018
2038    3025
2039    3040
2040    3057
2041    3068
2042    3077
2043    3091
2044    3105
2045    3118
2046    3131
2047    3144
2048    3157
2049    3173
2050    3194
2051    3215
Name: OBSPRED_ID, dtype: int64","3128    3637
Name: OBSPRED_ID, dtype: int64","2052     932
2053    1031
Name: OBSPRED_ID, dtype: int64","704    1620
705    1629
706    1640
707    1654
708    1678
709    1703
710    1728
711    1753
712    1779
Name: OBSPRED_ID, dtype: int64","2450    2041
Name: OBSPRED_ID, dtype: int64","1369    1191
1370    1389
1371    1476
Name: OBSPRED_ID, dtype: int64","490    2637
Name: OBSPRED_ID, dtype: int64","165    774
166    826
167    876
168    969
Name: OBSPRED_ID, dtype: int64","241      5
242     16
243     31
244     46
245     68
246     96
247    140
248    206
249    284
250    347
251    421
252    484
253    556
254    624
255    696
256    749
257    802
258    852
259    944
Name: OBSPRED_ID, dtype: int64","1006    1285
1007    1419
Name: OBSPRED_ID, dtype: int64","1024    1201
1025    1363
1026    1364
1027    1459
1028    1509
Name: OBSPRED_ID, dtype: int64","1047    1215
Name: OBSPRED_ID, dtype: int64","2964    2701
2965    2708
2966    2716
2967    2721
2968    2725
2969    2730
2970    2735
2971    2740
2972    2749
2973    2754
Name: OBSPRED_ID, dtype: int64","2467    3008
Name: OBSPRED_ID, dtype: int64","2479    2954
Name: OBSPRED_ID, dtype: int64","1636    1355
Name: OBSPRED_ID, dtype: int64","2082    270
2083    332
2084    406
Name: OBSPRED_ID, dtype: int64","1347    1516
Name: OBSPRED_ID, dtype: int64","2547    2808
Name: OBSPRED_ID, dtype: int64","856    1170
857    1314
858    1375
859    1470
Name: OBSPRED_ID, dtype: int64","128    2685
Name: OBSPRED_ID, dtype: int64","48    2879
Name: OBSPRED_ID, dtype: int64","2222    2799
Name: OBSPRED_ID, dtype: int64","1462     936
1463    1034
Name: OBSPRED_ID, dtype: int64","2057    1415
Name: OBSPRED_ID, dtype: int64","3170    3665
Name: OBSPRED_ID, dtype: int64","2469    3009
Name: OBSPRED_ID, dtype: int64","18    3264
Name: OBSPRED_ID, dtype: int64","2412    2005
2413    2070
2414    2122
Name: OBSPRED_ID, dtype: int64","3212    3651
Name: OBSPRED_ID, dtype: int64","2543    2577
2544    2583
Name: OBSPRED_ID, dtype: int64","564     912
565    1013
Name: OBSPRED_ID, dtype: int64","2419    2030
2420    2089
2421    2152
Name: OBSPRED_ID, dtype: int64","0       3300
1       3337
2       3371
3       3428
3044    3483
3045    3514
3046    3548
3047    3573
3048    3601
3049    3624
3050    3640
Name: OBSPRED_ID, dtype: int64","1302    176
1303    247
1304    386
1305    465
1306    527
1307    598
1308    666
1309    736
1310    790
1311    842
Name: OBSPRED_ID, dtype: int64","278    186
279    254
280    320
281    396
Name: OBSPRED_ID, dtype: int64","413    2714
Name: OBSPRED_ID, dtype: int64","1752    272
1753    335
Name: OBSPRED_ID, dtype: int64","139    262
140    543
141    611
Name: OBSPRED_ID, dtype: int64","1237    1483
1238    1522
Name: OBSPRED_ID, dtype: int64","2347    2015
2348    2133
Name: OBSPRED_ID, dtype: int64","3043    2288
Name: OBSPRED_ID, dtype: int64","1586    1237
1587    1283
1588    1341
1589    1417
Name: OBSPRED_ID, dtype: int64","2709    3411
3179    3468
Name: OBSPRED_ID, dtype: int64","1934    1953
Name: OBSPRED_ID, dtype: int64","1048    1212
Name: OBSPRED_ID, dtype: int64","2116    2871
Name: OBSPRED_ID, dtype: int64","2897    3015
2898    3029
2899    3036
2900    3045
2901    3052
2902    3084
2903    3098
2904    3111
2905    3125
2906    3138
2907    3151
2908    3162
2909    3180
2910    3202
2911    3224
Name: OBSPRED_ID, dtype: int64","2054    1412
2055    1490
Name: OBSPRED_ID, dtype: int64","669    1984
Name: OBSPRED_ID, dtype: int64","3211    3649
Name: OBSPRED_ID, dtype: int64","1177    1152
Name: OBSPRED_ID, dtype: int64","797    1667
798    1691
799    1716
800    1740
801    1766
802    1792
Name: OBSPRED_ID, dtype: int64","2464    2998
Name: OBSPRED_ID, dtype: int64","2259    2055
2260    2103
2261    2177
Name: OBSPRED_ID, dtype: int64","393    269
395    331
396    545
397    613
Name: OBSPRED_ID, dtype: int64","1136    735
Name: OBSPRED_ID, dtype: int64","1361    1520
Name: OBSPRED_ID, dtype: int64","1085    101
1086    146
1087    213
1088    291
1089    354
1090    491
1091    563
1092    631
1093    702
1094    756
1095    808
1096    859
1097    951
Name: OBSPRED_ID, dtype: int64","589     73
590    107
591    152
592    220
593    296
594    360
595    436
596    500
Name: OBSPRED_ID, dtype: int64","120    669
Name: OBSPRED_ID, dtype: int64","1638     910
1639    1011
Name: OBSPRED_ID, dtype: int64","3168    3658
Name: OBSPRED_ID, dtype: int64","759    1630
760    1641
761    1655
762    1679
763    1704
764    1729
765    1754
766    1780
Name: OBSPRED_ID, dtype: int64","2927    3235
2928    3238
2929    3244
Name: OBSPRED_ID, dtype: int64","1449    1399
1450    1486
Name: OBSPRED_ID, dtype: int64","1684    434
1685    498
1686    636
1687    814
1688    864
1689    957
Name: OBSPRED_ID, dtype: int64","130    993
Name: OBSPRED_ID, dtype: int64","1613    1134
1614    1249
1615    1301
1616    1356
1617    1451
Name: OBSPRED_ID, dtype: int64","3108    3614
Name: OBSPRED_ID, dtype: int64","508    3247
Name: OBSPRED_ID, dtype: int64","2201    2804
2202    2825
2203    2849
2204    2875
2205    2934
2206    2942
2207    2956
Name: OBSPRED_ID, dtype: int64","1864    1901
1865    1937
Name: OBSPRED_ID, dtype: int64","873    1439
874    1498
Name: OBSPRED_ID, dtype: int64","2489    3433
3139    3487
3140    3520
3141    3555
3142    3581
Name: OBSPRED_ID, dtype: int64","85      3292
86      3324
87      3364
88      3418
3079    3472
3080    3507
3081    3541
3082    3566
3083    3595
3084    3617
3085    3633
Name: OBSPRED_ID, dtype: int64","1568    1157
Name: OBSPRED_ID, dtype: int64","2492    2882
2493    2909
Name: OBSPRED_ID, dtype: int64","175    328
176    403
Name: OBSPRED_ID, dtype: int64","1270     98
1271    142
1272    208
1273    286
1274    349
1275    423
1276    486
1277    558
1278    626
1279    697
1280    751
Name: OBSPRED_ID, dtype: int64","569     930
570    1029
Name: OBSPRED_ID, dtype: int64","2802    2307
2803    2319
Name: OBSPRED_ID, dtype: int64","1677    1146
1678    1178
1679    1402
Name: OBSPRED_ID, dtype: int64","1485     15
1486     30
1487     45
1488     67
1489     95
1491    138
1493    202
1495    280
1496    343
1498    418
1499    481
1500    553
1501    620
Name: OBSPRED_ID, dtype: int64","2365    2034
Name: OBSPRED_ID, dtype: int64","2707    3407
Name: OBSPRED_ID, dtype: int64","2000    2628
2001    2639
2002    2647
2003    2652
2004    2656
2005    2659
2006    2666
2007    2675
2008    2681
Name: OBSPRED_ID, dtype: int64","2150    2955
Name: OBSPRED_ID, dtype: int64","2111    2905
Name: OBSPRED_ID, dtype: int64","1212    1244
1213    1296
1214    1441
1215    1500
Name: OBSPRED_ID, dtype: int64","2032    994
Name: OBSPRED_ID, dtype: int64","1208    1131
Name: OBSPRED_ID, dtype: int64","1003    1222
Name: OBSPRED_ID, dtype: int64","2635    3406
3171    3463
Name: OBSPRED_ID, dtype: int64","2228    2789
2229    2845
2230    2946
Name: OBSPRED_ID, dtype: int64","1254    1528
Name: OBSPRED_ID, dtype: int64","2275    2145
Name: OBSPRED_ID, dtype: int64","316    171
Name: OBSPRED_ID, dtype: int64","1040    1231
Name: OBSPRED_ID, dtype: int64","2208    2782
Name: OBSPRED_ID, dtype: int64","977      6
978     18
979     33
980     49
981     71
982    100
983    145
984    211
985    289
986    352
987    426
988    489
989    561
990    629
991    700
992    754
993    806
994    857
995    949
Name: OBSPRED_ID, dtype: int64","838    1166
839    1259
840    1312
841    1373
842    1468
Name: OBSPRED_ID, dtype: int64","2268    2052
Name: OBSPRED_ID, dtype: int64","2224    2819
Name: OBSPRED_ID, dtype: int64","3055    3603
Name: OBSPRED_ID, dtype: int64","1555    1133
1556    1158
1557    1235
1558    1281
Name: OBSPRED_ID, dtype: int64","2546    2888
Name: OBSPRED_ID, dtype: int64","1984    1836
1985    1852
1986    1861
Name: OBSPRED_ID, dtype: int64","129    2683
Name: OBSPRED_ID, dtype: int64","1426    1433
Name: OBSPRED_ID, dtype: int64","3215    3655
Name: OBSPRED_ID, dtype: int64","383    188
384    256
385    322
Name: OBSPRED_ID, dtype: int64","1322    1504
Name: OBSPRED_ID, dtype: int64","2284    2767
2285    2772
2286    2777
2287    2784
2288    2824
2289    2840
2290    2872
Name: OBSPRED_ID, dtype: int64","958    121
959    240
960    379
961    456
962    519
963    589
964    656
965    726
966    782
967    833
968    884
969    977
Name: OBSPRED_ID, dtype: int64","2159    2963
Name: OBSPRED_ID, dtype: int64","2397    1999
2398    2065
2399    2113
Name: OBSPRED_ID, dtype: int64","414    2591
Name: OBSPRED_ID, dtype: int64","113    2960
Name: OBSPRED_ID, dtype: int64","2212    2592
2213    2598
Name: OBSPRED_ID, dtype: int64","54      3298
55      3335
56      3369
57      3426
3073    3481
3074    3512
3075    3546
3076    3571
3077    3622
3078    3638
Name: OBSPRED_ID, dtype: int64","2393    2009
2394    2071
2395    2126
Name: OBSPRED_ID, dtype: int64","1400    1286
1401    1420
Name: OBSPRED_ID, dtype: int64","632    1661
633    1685
634    1710
635    1735
636    1760
637    1786
Name: OBSPRED_ID, dtype: int64","2501    2881
2502    2908
Name: OBSPRED_ID, dtype: int64","1662    1164
Name: OBSPRED_ID, dtype: int64","2246    2585
2247    2613
Name: OBSPRED_ID, dtype: int64","1033    1185
1034    1310
1035    1371
1036    1466
Name: OBSPRED_ID, dtype: int64","1406    1287
Name: OBSPRED_ID, dtype: int64","927    237
928    376
929    454
930    586
931    653
932    724
933    781
Name: OBSPRED_ID, dtype: int64","925    338
926    411
Name: OBSPRED_ID, dtype: int64","2170    2880
Name: OBSPRED_ID, dtype: int64","2314    2016
2315    2134
Name: OBSPRED_ID, dtype: int64","119    2706
Name: OBSPRED_ID, dtype: int64","2875    3442
3234    3526
Name: OBSPRED_ID, dtype: int64","2095    1457
Name: OBSPRED_ID, dtype: int64","970    898
971    997
Name: OBSPRED_ID, dtype: int64","2176    2903
2177    2928
Name: OBSPRED_ID, dtype: int64","2385    2004
2386    2069
2387    2121
Name: OBSPRED_ID, dtype: int64","2610    2977
Name: OBSPRED_ID, dtype: int64","1514    129
1516    179
1519    391
Name: OBSPRED_ID, dtype: int64","2270    2051
2271    2099
2272    2171
Name: OBSPRED_ID, dtype: int64","2483    2810
Name: OBSPRED_ID, dtype: int64","1862    1853
1863    1961
Name: OBSPRED_ID, dtype: int64","1583     920
1584    1020
Name: OBSPRED_ID, dtype: int64","2562    2250
2563    2260
Name: OBSPRED_ID, dtype: int64","63    2763
64    2774
65    2779
66    2792
67    2815
68    2863
69    2893
Name: OBSPRED_ID, dtype: int64","1715    1144
1716    1174
1717    1232
1718    1273
1719    1327
1720    1400
Name: OBSPRED_ID, dtype: int64","1640    348
1641    422
1642    485
1643    557
1644    625
1645    750
1646    803
1647    854
1648    946
Name: OBSPRED_ID, dtype: int64","2219    2787
Name: OBSPRED_ID, dtype: int64","498    2632
499    2650
Name: OBSPRED_ID, dtype: int64","2016    1304
2019    1361
Name: OBSPRED_ID, dtype: int64","2021    1317
2022    1381
Name: OBSPRED_ID, dtype: int64","573     51
574     74
575    153
576    221
577    297
578    361
579    437
580    501
581    570
Name: OBSPRED_ID, dtype: int64","137    1813
Name: OBSPRED_ID, dtype: int64","1590     916
1591    1016
Name: OBSPRED_ID, dtype: int64","1744    105
1745    150
1746    218
1747    359
1748    432
1749    496
1750    567
Name: OBSPRED_ID, dtype: int64","2092     927
2093    1026
Name: OBSPRED_ID, dtype: int64","1754    532
1755    602
Name: OBSPRED_ID, dtype: int64","3052    3549
3053    3575
Name: OBSPRED_ID, dtype: int64","2388    2006
Name: OBSPRED_ID, dtype: int64","770    1622
771    1632
772    1644
773    1660
774    1684
775    1709
776    1734
777    1759
778    1785
Name: OBSPRED_ID, dtype: int64","2548    2249
2549    2270
Name: OBSPRED_ID, dtype: int64","2174    2961
Name: OBSPRED_ID, dtype: int64","2245    2168
Name: OBSPRED_ID, dtype: int64","1232    1521
Name: OBSPRED_ID, dtype: int64","3014    3349
3015    3386
Name: OBSPRED_ID, dtype: int64","1670    1349
Name: OBSPRED_ID, dtype: int64","1037    1194
Name: OBSPRED_ID, dtype: int64","1248    1335
Name: OBSPRED_ID, dtype: int64","2129    2866
2130    2897
2131    2923
2132    2949
Name: OBSPRED_ID, dtype: int64","114    895
115    989
Name: OBSPRED_ID, dtype: int64","1137     20
1138     35
1139     56
1140     81
1141    117
1142    165
1143    235
1144    308
1145    374
1146    452
1147    516
1148    585
1149    651
1150    722
1151    779
1152    831
1153    881
1154    974
Name: OBSPRED_ID, dtype: int64","2182    3249
Name: OBSPRED_ID, dtype: int64","1394    1150
Name: OBSPRED_ID, dtype: int64","1706    1181
Name: OBSPRED_ID, dtype: int64","1465     907
1466    1008
Name: OBSPRED_ID, dtype: int64","2068    1478
Name: OBSPRED_ID, dtype: int64","893    1234
Name: OBSPRED_ID, dtype: int64","1356    1173
Name: OBSPRED_ID, dtype: int64","2178    2973
Name: OBSPRED_ID, dtype: int64","1938    1955
Name: OBSPRED_ID, dtype: int64","1993    1862
1994    1890
1995    1925
1996    1957
Name: OBSPRED_ID, dtype: int64","2784    2302
2785    2315
Name: OBSPRED_ID, dtype: int64","2085    3329
Name: OBSPRED_ID, dtype: int64","1602     89
1603    126
1604    246
1605    464
1606    526
1607    597
1608    665
1609    789
1610    892
1611    986
Name: OBSPRED_ID, dtype: int64","392    230
394    305
Name: OBSPRED_ID, dtype: int64","296    185
Name: OBSPRED_ID, dtype: int64","2171    2811
Name: OBSPRED_ID, dtype: int64","2586    2710
Name: OBSPRED_ID, dtype: int64","1351    1183
Name: OBSPRED_ID, dtype: int64","1414    1135
1415    1258
1416    1311
1417    1372
Name: OBSPRED_ID, dtype: int64","2248    2056
2249    2178
Name: OBSPRED_ID, dtype: int64","1255     923
1256    1022
Name: OBSPRED_ID, dtype: int64","1751    1180
Name: OBSPRED_ID, dtype: int64","49    2867
Name: OBSPRED_ID, dtype: int64","854    1260
Name: OBSPRED_ID, dtype: int64","2807    2327
Name: OBSPRED_ID, dtype: int64","2611    2978
Name: OBSPRED_ID, dtype: int64","3026    2192
3027    2200
3028    2208
3029    2214
3030    2223
3031    2232
Name: OBSPRED_ID, dtype: int64","2238    2042
2239    2163
Name: OBSPRED_ID, dtype: int64","2661    3021
2662    3027
2663    3035
2664    3043
2665    3050
2666    3061
2667    3071
2668    3081
2669    3095
2670    3108
2671    3122
2672    3135
2673    3148
2674    3160
2675    3177
2676    3199
2677    3221
Name: OBSPRED_ID, dtype: int64","809     1996
2382    2110
Name: OBSPRED_ID, dtype: int64","1249    1279
1250    1336
1251    1411
1252    1489
1253    1526
Name: OBSPRED_ID, dtype: int64","2550    3294
2551    3331
2552    3366
2553    3420
3152    3474
3153    3509
3154    3543
3155    3568
3156    3597
3157    3619
3158    3635
Name: OBSPRED_ID, dtype: int64","3169    3657
Name: OBSPRED_ID, dtype: int64","1072    139
1073    204
1074    282
1075    345
1076    420
1077    483
1078    555
1079    623
1080    695
1081    748
1082    801
1083    851
1084    943
Name: OBSPRED_ID, dtype: int64","2012    2630
2013    2642
Name: OBSPRED_ID, dtype: int64","2451    2162
Name: OBSPRED_ID, dtype: int64","1898    1959
Name: OBSPRED_ID, dtype: int64","1325    1130
1326    1240
1327    1430
Name: OBSPRED_ID, dtype: int64","817     1997
2418    2111
Name: OBSPRED_ID, dtype: int64","3214    3656
Name: OBSPRED_ID, dtype: int64","2371    2037
2373    2094
2375    2158
Name: OBSPRED_ID, dtype: int64","1664    1163
1665    1246
1666    1299
1668    1352
1669    1446
Name: OBSPRED_ID, dtype: int64","2096    2852
Name: OBSPRED_ID, dtype: int64","2980    3387
Name: OBSPRED_ID, dtype: int64","2486    2995
Name: OBSPRED_ID, dtype: int64","2312    2829
2313    2843
Name: OBSPRED_ID, dtype: int64","1106     55
1107     80
1108    116
1109    164
1110    234
1111    307
1112    373
1113    451
1114    515
1115    584
1116    650
1117    721
1118    778
1119    830
1120    880
1121    973
Name: OBSPRED_ID, dtype: int64","2787    2290
2788    2294
2789    2305
2790    2318
Name: OBSPRED_ID, dtype: int64","2742    2289
2743    2304
Name: OBSPRED_ID, dtype: int64","1228    1438
Name: OBSPRED_ID, dtype: int64","2265    2053
2266    2101
2267    2175
Name: OBSPRED_ID, dtype: int64","2818    3361
2819    3414
Name: OBSPRED_ID, dtype: int64","2123    2818
2124    2869
2125    2898
2126    2925
2127    2950
Name: OBSPRED_ID, dtype: int64","32    2616
33    2635
Name: OBSPRED_ID, dtype: int64","2031    1804
Name: OBSPRED_ID, dtype: int64","3219    3668
Name: OBSPRED_ID, dtype: int64","2281    2061
2282    2107
2283    2184
Name: OBSPRED_ID, dtype: int64","2236    2040
2237    2161
Name: OBSPRED_ID, dtype: int64","668    1989
Name: OBSPRED_ID, dtype: int64","3218    3653
Name: OBSPRED_ID, dtype: int64","2180    3328
Name: OBSPRED_ID, dtype: int64","491    2629
492    2640
493    2648
Name: OBSPRED_ID, dtype: int64","2490    2854
2491    2884
Name: OBSPRED_ID, dtype: int64","2440    2841
Name: OBSPRED_ID, dtype: int64","1221    1442
Name: OBSPRED_ID, dtype: int64","505    2646
506    2664
507    2673
Name: OBSPRED_ID, dtype: int64","1390    1257
Name: OBSPRED_ID, dtype: int64","2383    2002
2384    2119
Name: OBSPRED_ID, dtype: int64","2200    2816
Name: OBSPRED_ID, dtype: int64","1211    1501
Name: OBSPRED_ID, dtype: int64","2708    3409
3178    3465
Name: OBSPRED_ID, dtype: int64","300    369
302    446
303    509
304    577
305    644
Name: OBSPRED_ID, dtype: int64","1229    1272
1230    1482
1231    1519
Name: OBSPRED_ID, dtype: int64","335    183
336    252
337    318
338    394
339    535
Name: OBSPRED_ID, dtype: int64","2792    2322
Name: OBSPRED_ID, dtype: int64","1155    678
Name: OBSPRED_ID, dtype: int64","3205    3643
Name: OBSPRED_ID, dtype: int64","2014    1407
Name: OBSPRED_ID, dtype: int64","2609    2988
Name: OBSPRED_ID, dtype: int64","2974    2696
Name: OBSPRED_ID, dtype: int64","3151    3475
Name: OBSPRED_ID, dtype: int64","2071    1474
Name: OBSPRED_ID, dtype: int64","2389    2124
Name: OBSPRED_ID, dtype: int64","2152    2912
2153    2938
2154    2943
Name: OBSPRED_ID, dtype: int64","3204    3645
Name: OBSPRED_ID, dtype: int64","1340    1264
1342    1316
1344    1379
1346    1472
Name: OBSPRED_ID, dtype: int64","2993    2700
2994    2707
2995    2715
2996    2720
2997    2724
2998    2729
2999    2734
3000    2739
3001    2748
3002    2753
3003    2758
Name: OBSPRED_ID, dtype: int64","614    1656
615    1680
616    1705
617    1730
618    1755
619    1781
Name: OBSPRED_ID, dtype: int64","1840     921
1841    1021
Name: OBSPRED_ID, dtype: int64","767    1743
768    1769
769    1795
Name: OBSPRED_ID, dtype: int64","1440    1307
1441    1462
Name: OBSPRED_ID, dtype: int64","2097    2892
Name: OBSPRED_ID, dtype: int64","2058    1514
Name: OBSPRED_ID, dtype: int64","306    2581
Name: OBSPRED_ID, dtype: int64","2164    2967
Name: OBSPRED_ID, dtype: int64","603    1994
Name: OBSPRED_ID, dtype: int64","2805    2299
Name: OBSPRED_ID, dtype: int64","1328    1241
1329    1291
1330    1345
1331    1431
Name: OBSPRED_ID, dtype: int64","2750    3277
2751    3313
2752    3352
2753    3392
2754    3445
3184    3498
3185    3529
3186    3559
3187    3585
3188    3608
3189    3625
Name: OBSPRED_ID, dtype: int64","1663    1445
Name: OBSPRED_ID, dtype: int64","2320    2832
Name: OBSPRED_ID, dtype: int64","1562    162
1563    231
1564    449
1565    512
1566    581
Name: OBSPRED_ID, dtype: int64","2744    2292
2745    2303
2746    2316
Name: OBSPRED_ID, dtype: int64","689    1647
690    1670
691    1694
692    1719
693    1744
694    1770
695    1796
Name: OBSPRED_ID, dtype: int64","2140    2764
2141    2769
2142    2780
2143    2831
2144    2864
2145    2895
2146    2921
Name: OBSPRED_ID, dtype: int64","1838     918
1839    1017
Name: OBSPRED_ID, dtype: int64","207    1807
Name: OBSPRED_ID, dtype: int64","30    2667
Name: OBSPRED_ID, dtype: int64","2602    2986
Name: OBSPRED_ID, dtype: int64","2836    3271
2837    3310
2838    3348
2839    3385
2840    3440
3225    3494
Name: OBSPRED_ID, dtype: int64","204     3321
205     3362
206     3415
3099    3470
3100    3505
3101    3535
3102    3564
3103    3593
3104    3612
3105    3631
Name: OBSPRED_ID, dtype: int64","2298    2007
2299    2123
Name: OBSPRED_ID, dtype: int64","605    1993
Name: OBSPRED_ID, dtype: int64","2113    2932
Name: OBSPRED_ID, dtype: int64","2465    3005
Name: OBSPRED_ID, dtype: int64","1916    1834
1917    1920
1918    1942
Name: OBSPRED_ID, dtype: int64","1420    1230
1421    1269
1422    1324
1423    1392
Name: OBSPRED_ID, dtype: int64","1953    1895
1954    1930
1955    1964
Name: OBSPRED_ID, dtype: int64","2734    2690
Name: OBSPRED_ID, dtype: int64","117    3327
Name: OBSPRED_ID, dtype: int64","3032    2191
3034    2199
3037    2222
3039    2231
Name: OBSPRED_ID, dtype: int64","610    1969
611    1979
Name: OBSPRED_ID, dtype: int64","2932    3240
Name: OBSPRED_ID, dtype: int64","849    1167
851    1186
852    1223
853    1227
Name: OBSPRED_ID, dtype: int64","2086     905
2087    1006
Name: OBSPRED_ID, dtype: int64","1017    1202
1018    1254
1019    1306
1020    1365
1021    1366
1022    1460
Name: OBSPRED_ID, dtype: int64","143    271
144    333
145    407
146    477
147    546
Name: OBSPRED_ID, dtype: int64","2295    2837
Name: OBSPRED_ID, dtype: int64","2101    2846
Name: OBSPRED_ID, dtype: int64","2181    2994
Name: OBSPRED_ID, dtype: int64","1559    132
Name: OBSPRED_ID, dtype: int64","1842    900
1843    999
Name: OBSPRED_ID, dtype: int64","3136    3479
Name: OBSPRED_ID, dtype: int64","1585    1156
Name: OBSPRED_ID, dtype: int64","2454    2990
Name: OBSPRED_ID, dtype: int64","2885    3234
2886    3236
2887    3239
2888    3246
Name: OBSPRED_ID, dtype: int64","883    1216
Name: OBSPRED_ID, dtype: int64","2943    2703
2944    2712
2945    2718
2946    2723
2947    2727
2948    2732
2949    2737
2950    2746
2951    2751
2952    2756
2953    2760
Name: OBSPRED_ID, dtype: int64","2612    3032
2613    3041
2614    3048
2615    3058
2616    3069
2617    3078
2618    3092
2619    3119
2620    3132
2621    3145
2622    3175
2623    3218
Name: OBSPRED_ID, dtype: int64","2472    3295
2473    3332
2474    3367
2475    3421
3137    3477
Name: OBSPRED_ID, dtype: int64","607    1976
609    1990
Name: OBSPRED_ID, dtype: int64","1045    1213
Name: OBSPRED_ID, dtype: int64","111    2957
Name: OBSPRED_ID, dtype: int64","753    1664
754    1688
755    1713
756    1738
757    1763
758    1789
Name: OBSPRED_ID, dtype: int64","1313    1831
1314    1864
1315    1935
Name: OBSPRED_ID, dtype: int64","3159    3628
Name: OBSPRED_ID, dtype: int64","2009    2677
Name: OBSPRED_ID, dtype: int64","203    1808
Name: OBSPRED_ID, dtype: int64","2433    2173
Name: OBSPRED_ID, dtype: int64","888    1208
Name: OBSPRED_ID, dtype: int64","586    816
587    866
588    959
Name: OBSPRED_ID, dtype: int64","1844    109
1845    155
1846    223
1847    299
1848    363
1849    439
1850    503
1851    572
1852    639
1853    766
1854    819
1855    870
1856    962
Name: OBSPRED_ID, dtype: int64","882    1203
Name: OBSPRED_ID, dtype: int64","1866    1863
1867    1899
1868    1934
Name: OBSPRED_ID, dtype: int64","1165    1332
Name: OBSPRED_ID, dtype: int64","2774    2300
2775    2314
Name: OBSPRED_ID, dtype: int64","2390    2010
2391    2072
2392    2127
Name: OBSPRED_ID, dtype: int64","1787     928
1789    1027
Name: OBSPRED_ID, dtype: int64","2276    2063
2277    2186
Name: OBSPRED_ID, dtype: int64","535    3067
536    3076
537    3090
538    3104
539    3117
540    3130
541    3143
542    3156
543    3172
544    3193
545    3214
Name: OBSPRED_ID, dtype: int64","2571    2286
Name: OBSPRED_ID, dtype: int64","2167    2969
Name: OBSPRED_ID, dtype: int64","2362    2026
2363    2086
Name: OBSPRED_ID, dtype: int64","2262    2054
2263    2102
2264    2176
Name: OBSPRED_ID, dtype: int64","116    3326
Name: OBSPRED_ID, dtype: int64","1247    1488
Name: OBSPRED_ID, dtype: int64","3051    3574
Name: OBSPRED_ID, dtype: int64","2632    2980
Name: OBSPRED_ID, dtype: int64","2334    2827
2335    2916
Name: OBSPRED_ID, dtype: int64","1935    1954
Name: OBSPRED_ID, dtype: int64","1058    899
1059    998
Name: OBSPRED_ID, dtype: int64","2810    2236
2811    2244
2812    2251
2813    2261
Name: OBSPRED_ID, dtype: int64","567     902
568    1002
Name: OBSPRED_ID, dtype: int64","3191    3588
Name: OBSPRED_ID, dtype: int64","494    2582
495    2589
Name: OBSPRED_ID, dtype: int64","1053    683
Name: OBSPRED_ID, dtype: int64","3221    3663
Name: OBSPRED_ID, dtype: int64","2023    1123
Name: OBSPRED_ID, dtype: int64","157    189
158    257
159    323
160    398
161    471
162    538
163    607
164    675
Name: OBSPRED_ID, dtype: int64","745    1628
746    1639
747    1653
748    1676
749    1701
750    1726
751    1751
752    1777
Name: OBSPRED_ID, dtype: int64","177    191
178    259
179    325
180    400
181    473
182    540
183    609
Name: OBSPRED_ID, dtype: int64","2515    3010
2516    3011
2517    3016
2518    3023
2519    3053
2520    3063
2521    3086
2522    3100
2523    3113
Name: OBSPRED_ID, dtype: int64","2115    2859
Name: OBSPRED_ID, dtype: int64","677    1970
678    1980
Name: OBSPRED_ID, dtype: int64","999     1221
1001    1252
Name: OBSPRED_ID, dtype: int64","1043    1206
Name: OBSPRED_ID, dtype: int64","1443    1218
Name: OBSPRED_ID, dtype: int64","2878    3164
2879    3182
2880    3226
Name: OBSPRED_ID, dtype: int64","1560     913
1561    1014
Name: OBSPRED_ID, dtype: int64","1968    1856
1969    1898
1970    1933
Name: OBSPRED_ID, dtype: int64","2402    2008
2403    2125
Name: OBSPRED_ID, dtype: int64","2525    2972
Name: OBSPRED_ID, dtype: int64","1046    1214
Name: OBSPRED_ID, dtype: int64","2429    2147
Name: OBSPRED_ID, dtype: int64","317     19
318     34
319     50
320     72
321    102
322    147
323    215
324    293
325    356
326    429
327    493
328    564
329    633
330    704
331    758
332    810
333    861
334    952
Name: OBSPRED_ID, dtype: int64","496    2627
497    2638
Name: OBSPRED_ID, dtype: int64","2234    2028
2235    2150
Name: OBSPRED_ID, dtype: int64","550    3039
551    3047
552    3055
553    3065
554    3074
555    3088
556    3102
557    3115
558    3128
559    3141
560    3154
561    3170
562    3191
563    3213
Name: OBSPRED_ID, dtype: int64","93      3293
94      3330
95      3365
96      3419
3092    3473
3093    3508
3094    3542
3095    3567
3096    3596
3097    3618
3098    3634
Name: OBSPRED_ID, dtype: int64","2189    2031
2190    2090
Name: OBSPRED_ID, dtype: int64","1502    917
Name: OBSPRED_ID, dtype: int64","1971    1868
1972    1903
1973    1940
Name: OBSPRED_ID, dtype: int64","1667    1351
Name: OBSPRED_ID, dtype: int64","3208    3646
Name: OBSPRED_ID, dtype: int64","2871    3168
2872    3186
2873    3208
2874    3231
Name: OBSPRED_ID, dtype: int64","2158    2791
Name: OBSPRED_ID, dtype: int64","110    2958
Name: OBSPRED_ID, dtype: int64","452    104
453    149
454    217
455    295
456    358
457    431
458    495
459    566
460    708
461    760
462    812
463    863
464    954
Name: OBSPRED_ID, dtype: int64","483    2631
484    2649
485    2653
486    2660
487    2668
488    2678
Name: OBSPRED_ID, dtype: int64","1405    1137
Name: OBSPRED_ID, dtype: int64","2010    2665
2011    2674
Name: OBSPRED_ID, dtype: int64","2554    2256
2555    2267
2556    2275
Name: OBSPRED_ID, dtype: int64","1373    1824
1374    1875
1375    1884
1376    1915
1377    1949
Name: OBSPRED_ID, dtype: int64","1791     14
1792     29
1793     44
1794     66
1795     94
1797    137
1799    201
1800    279
1802    342
1804    417
1806    480
1808    552
Name: OBSPRED_ID, dtype: int64","412    3290
Name: OBSPRED_ID, dtype: int64","2349    2017
2350    2135
Name: OBSPRED_ID, dtype: int64","1579    1238
1580    1284
1581    1342
1582    1418
Name: OBSPRED_ID, dtype: int64","1899    1859
1900    1888
1901    1921
Name: OBSPRED_ID, dtype: int64","2250    2762
2251    2768
2252    2773
2253    2778
2254    2785
2255    2807
2256    2853
2257    2883
2258    2911
Name: OBSPRED_ID, dtype: int64","2470    2996
Name: OBSPRED_ID, dtype: int64","2192    3243
Name: OBSPRED_ID, dtype: int64","2380    2001
2381    2118
Name: OBSPRED_ID, dtype: int64","3056    3602
Name: OBSPRED_ID, dtype: int64","2756    3278
2757    3314
2758    3353
Name: OBSPRED_ID, dtype: int64","973     933
974    1032
Name: OBSPRED_ID, dtype: int64","996    1409
Name: OBSPRED_ID, dtype: int64","2633    2979
Name: OBSPRED_ID, dtype: int64","1002    1250
Name: OBSPRED_ID, dtype: int64","3249    3616
Name: OBSPRED_ID, dtype: int64","3138    3476
Name: OBSPRED_ID, dtype: int64","3020    2193
3021    2201
3022    2209
3023    2215
3024    2224
3025    2233
Name: OBSPRED_ID, dtype: int64","1905    1826
1906    1846
1907    1851
1908    1889
1909    1923
1910    1956
Name: OBSPRED_ID, dtype: int64","1055    681
Name: OBSPRED_ID, dtype: int64","1407    1424
Name: OBSPRED_ID, dtype: int64","1772    706
Name: OBSPRED_ID, dtype: int64","3006    2744
Name: OBSPRED_ID, dtype: int64","2133    2929
2134    2940
2135    2951
Name: OBSPRED_ID, dtype: int64","2476    2596
Name: OBSPRED_ID, dtype: int64","2817    3452
Name: OBSPRED_ID, dtype: int64","3008    2741
Name: OBSPRED_ID, dtype: int64","1392    1262
1393    1377
Name: OBSPRED_ID, dtype: int64","2323    2058
2324    2180
Name: OBSPRED_ID, dtype: int64","2128    2795
Name: OBSPRED_ID, dtype: int64","2186    2029
2187    2088
2188    2151
Name: OBSPRED_ID, dtype: int64","2776    2301
Name: OBSPRED_ID, dtype: int64","2297    2144
Name: OBSPRED_ID, dtype: int64","297    195
298    274
299    336
301    409
Name: OBSPRED_ID, dtype: int64","2024    2618
Name: OBSPRED_ID, dtype: int64","2073    1265
2074    1385
2075    1475
Name: OBSPRED_ID, dtype: int64","13    3266
14    3269
15    3307
16    3345
17    3382
Name: OBSPRED_ID, dtype: int64","1547     908
1549    1009
Name: OBSPRED_ID, dtype: int64","2147    2835
Name: OBSPRED_ID, dtype: int64","2604    2609
2605    2612
Name: OBSPRED_ID, dtype: int64","2854    3274
3230    3495
Name: OBSPRED_ID, dtype: int64","1707    433
1708    497
1709    568
1710    635
1711    709
1712    761
1713    813
1714    956
Name: OBSPRED_ID, dtype: int64","1281    205
1282    283
1283    346
Name: OBSPRED_ID, dtype: int64","340      1
341     10
342     24
343     39
344     61
345     86
346    122
347    172
348    243
349    312
350    383
351    461
352    524
353    594
354    661
355    731
356    785
357    837
358    887
359    981
Name: OBSPRED_ID, dtype: int64","1427    1275
1428    1330
1429    1405
Name: OBSPRED_ID, dtype: int64","2065    1294
2066    1437
2067    1497
Name: OBSPRED_ID, dtype: int64","737    1621
738    1642
739    1658
740    1682
741    1707
742    1732
743    1757
744    1783
Name: OBSPRED_ID, dtype: int64","2175    2857
Name: OBSPRED_ID, dtype: int64","440    160
441    228
442    303
443    370
444    447
445    510
446    578
447    645
448    717
449    772
450    823
451    967
Name: OBSPRED_ID, dtype: int64","1725    955
Name: OBSPRED_ID, dtype: int64","2740    2695
Name: OBSPRED_ID, dtype: int64","2056    1493
Name: OBSPRED_ID, dtype: int64","2165    2966
Name: OBSPRED_ID, dtype: int64","2103    2918
Name: OBSPRED_ID, dtype: int64","50      3379
51      3435
3068    3489
3069    3522
3070    3557
3071    3583
3072    3607
Name: OBSPRED_ID, dtype: int64","1723    1182
Name: OBSPRED_ID, dtype: int64","832    1425
833    1495
Name: OBSPRED_ID, dtype: int64","2468    2993
Name: OBSPRED_ID, dtype: int64","84    2788
Name: OBSPRED_ID, dtype: int64","2861    3303
2862    3339
2863    3373
2864    3429
3231    3515
3232    3550
3233    3576
Name: OBSPRED_ID, dtype: int64","2713    3391
Name: OBSPRED_ID, dtype: int64","2209    3378
2210    3434
3123    3488
3124    3521
3125    3556
3126    3582
3127    3606
Name: OBSPRED_ID, dtype: int64","2217    3250
Name: OBSPRED_ID, dtype: int64","2457    3296
2458    3333
2459    3368
2460    3422
3129    3478
3130    3510
3131    3544
3132    3569
3133    3598
3134    3620
3135    3636
Name: OBSPRED_ID, dtype: int64","53    2874
Name: OBSPRED_ID, dtype: int64","2292    2187
Name: OBSPRED_ID, dtype: int64","2148    2834
Name: OBSPRED_ID, dtype: int64","2461    3003
Name: OBSPRED_ID, dtype: int64","1437    1226
1438    1256
1439    1309
Name: OBSPRED_ID, dtype: int64","1452    214
1453    292
1454    355
1455    428
1456    492
1457    632
1458    703
1459    757
1460    809
1461    860
Name: OBSPRED_ID, dtype: int64","1384    1271
1385    1326
1386    1396
Name: OBSPRED_ID, dtype: int64","2912    3083
2913    3097
2914    3110
2915    3124
2916    3137
2917    3150
2918    3179
2919    3201
2920    3223
Name: OBSPRED_ID, dtype: int64","1886    1818
1887    1855
1888    1894
1889    1929
1890    1963
Name: OBSPRED_ID, dtype: int64","2749    2293
Name: OBSPRED_ID, dtype: int64","1004    1303
1005    1456
Name: OBSPRED_ID, dtype: int64","3164    3664
Name: OBSPRED_ID, dtype: int64","2354    2023
2355    2143
Name: OBSPRED_ID, dtype: int64","3245    3584
Name: OBSPRED_ID, dtype: int64","3223    3661
Name: OBSPRED_ID, dtype: int64","2160    2964
Name: OBSPRED_ID, dtype: int64","19    3301
Name: OBSPRED_ID, dtype: int64","1451    1205
Name: OBSPRED_ID, dtype: int64","2765    2691
Name: OBSPRED_ID, dtype: int64","2191    2153
Name: OBSPRED_ID, dtype: int64","810     1998
2396    2112
Name: OBSPRED_ID, dtype: int64","2979    2226
Name: OBSPRED_ID, dtype: int64","2218    2844
Name: OBSPRED_ID, dtype: int64","939     90
942    196
944    275
947    412
Name: OBSPRED_ID, dtype: int64","2017    1305
Name: OBSPRED_ID, dtype: int64","1041    1220
Name: OBSPRED_ID, dtype: int64","2302    2000
2303    2068
2304    2117
Name: OBSPRED_ID, dtype: int64","2033    1805
Name: OBSPRED_ID, dtype: int64","1317    1413
1318    1491
Name: OBSPRED_ID, dtype: int64","2430    2084
2431    2146
Name: OBSPRED_ID, dtype: int64","1030    1362
1031    1458
1032    1508
Name: OBSPRED_ID, dtype: int64","2337    2902
Name: OBSPRED_ID, dtype: int64","2088    710
2089    764
2090    868
2091    960
Name: OBSPRED_ID, dtype: int64","2063    1293
2064    1436
Name: OBSPRED_ID, dtype: int64","1727    1176
Name: OBSPRED_ID, dtype: int64","1760    603
1761    672
1762    738
Name: OBSPRED_ID, dtype: int64","1592    124
1593    174
1594    463
1595    596
1596    663
1597    733
1598    787
1599    840
1600    890
1601    984
Name: OBSPRED_ID, dtype: int64","1352    1484
Name: OBSPRED_ID, dtype: int64","3177    3467
Name: OBSPRED_ID, dtype: int64","2599    2982
Name: OBSPRED_ID, dtype: int64","2767    2297
2768    2312
Name: OBSPRED_ID, dtype: int64","2593    2189
2594    2196
2595    2206
2596    2219
2597    2228
Name: OBSPRED_ID, dtype: int64","1649     47
1650     69
1651     97
1652    141
1653    207
1654    285
Name: OBSPRED_ID, dtype: int64","1164    1343
Name: OBSPRED_ID, dtype: int64","1013    1189
1014    1229
Name: OBSPRED_ID, dtype: int64","2606    2578
2607    2584
Name: OBSPRED_ID, dtype: int64","2366    2033
2367    2092
2368    2155
Name: OBSPRED_ID, dtype: int64","2183    3297
2184    3334
2185    3424
3117    3480
3118    3511
3119    3545
3120    3570
3121    3599
3122    3621
Name: OBSPRED_ID, dtype: int64","3203    3589
Name: OBSPRED_ID, dtype: int64","2484    3004
Name: OBSPRED_ID, dtype: int64","1334    1290
Name: OBSPRED_ID, dtype: int64","2466    2999
Name: OBSPRED_ID, dtype: int64","890    1210
Name: OBSPRED_ID, dtype: int64","1098    169
1099    241
1100    381
1101    459
1102    522
1103    592
1104    659
1105    729
Name: OBSPRED_ID, dtype: int64","2120    2806
2121    2910
Name: OBSPRED_ID, dtype: int64","3222    3662
Name: OBSPRED_ID, dtype: int64","2173    2962
Name: OBSPRED_ID, dtype: int64","2850    3166
2851    3183
2852    3205
2853    3228
Name: OBSPRED_ID, dtype: int64","1895    1845
1896    1858
1897    1887
Name: OBSPRED_ID, dtype: int64","1391    1512
Name: OBSPRED_ID, dtype: int64","2112    2930
Name: OBSPRED_ID, dtype: int64","2814    2245
2815    2253
Name: OBSPRED_ID, dtype: int64","3106    3537
Name: OBSPRED_ID, dtype: int64","2846    2590
2847    2595
2848    2608
2849    2611
Name: OBSPRED_ID, dtype: int64","1936    1822
1937    1912
Name: OBSPRED_ID, dtype: int64","681    1625
682    1648
683    1671
684    1695
685    1720
686    1745
687    1771
688    1797
Name: OBSPRED_ID, dtype: int64","1054    682
Name: OBSPRED_ID, dtype: int64","566    1001
Name: OBSPRED_ID, dtype: int64","2498    2856
2499    2886
Name: OBSPRED_ID, dtype: int64","2741    2989
Name: OBSPRED_ID, dtype: int64","1056    3400
1057    3456
Name: OBSPRED_ID, dtype: int64","2496    3342
2497    3376
3143    3518
3144    3553
3145    3579
Name: OBSPRED_ID, dtype: int64","1242    1280
1243    1337
1244    1414
1245    1492
1246    1527
Name: OBSPRED_ID, dtype: int64","1542    618
1543    691
1544    743
1545    796
1546    847
1548    940
Name: OBSPRED_ID, dtype: int64","2981    3388
Name: OBSPRED_ID, dtype: int64","133    3286
Name: OBSPRED_ID, dtype: int64","1169    990
Name: OBSPRED_ID, dtype: int64","2942    2601
Name: OBSPRED_ID, dtype: int64","1567    1338
Name: OBSPRED_ID, dtype: int64","2487    2992
Name: OBSPRED_ID, dtype: int64","826    1129
827    1239
828    1289
829    1344
Name: OBSPRED_ID, dtype: int64","1880    1816
1881    1839
1882    1854
1883    1893
1884    1928
1885    1962
Name: OBSPRED_ID, dtype: int64","1925    1825
1926    1877
1927    1885
1928    1917
1929    1951
Name: OBSPRED_ID, dtype: int64","1673    1142
1674    1171
1675    1318
1676    1383
Name: OBSPRED_ID, dtype: int64","1234    1397
1235    1481
1236    1518
Name: OBSPRED_ID, dtype: int64","889    1247
Name: OBSPRED_ID, dtype: int64","679    1988
Name: OBSPRED_ID, dtype: int64","1312    1005
Name: OBSPRED_ID, dtype: int64","2155    2796
Name: OBSPRED_ID, dtype: int64","1410    1140
1411    1429
Name: OBSPRED_ID, dtype: int64","2816    3451
Name: OBSPRED_ID, dtype: int64","2791    3413
Name: OBSPRED_ID, dtype: int64","2341    2011
2342    2073
2343    2128
Name: OBSPRED_ID, dtype: int64","2954    2705
2955    2713
2956    2719
2957    2728
2958    2733
2959    2738
2960    2747
2961    2752
2962    2757
2963    2761
Name: OBSPRED_ID, dtype: int64","509    2620
510    2623
511    2634
512    2643
Name: OBSPRED_ID, dtype: int64","972    935
Name: OBSPRED_ID, dtype: int64","2407    2242
2408    2257
2409    2268
2410    2276
Name: OBSPRED_ID, dtype: int64","582     906
583    1007
Name: OBSPRED_ID, dtype: int64","2020    1380
Name: OBSPRED_ID, dtype: int64","818     901
819    1000
Name: OBSPRED_ID, dtype: int64","2716    2974
Name: OBSPRED_ID, dtype: int64","2608    2987
Name: OBSPRED_ID, dtype: int64","2069    1395
2070    1480
Name: OBSPRED_ID, dtype: int64","713    1651
714    1674
715    1698
716    1723
717    1748
718    1774
719    1800
Name: OBSPRED_ID, dtype: int64","1529      4
1530     13
1531     28
1532     43
1533     65
1534     93
1535    136
1536    200
1537    278
1538    341
1539    416
1540    551
1541    939
Name: OBSPRED_ID, dtype: int64","2328    2170
Name: OBSPRED_ID, dtype: int64","1000    1251
Name: OBSPRED_ID, dtype: int64","1029    1200
Name: OBSPRED_ID, dtype: int64","307    203
308    281
309    344
310    419
311    622
312    747
313    800
Name: OBSPRED_ID, dtype: int64","1690    1145
1691    1233
1692    1328
1693    1401
Name: OBSPRED_ID, dtype: int64","1987    1817
1988    1819
1989    1830
1990    1896
1991    1931
1992    1965
Name: OBSPRED_ID, dtype: int64","696    1627
697    1638
698    1652
699    1700
700    1725
701    1750
702    1776
703    1802
Name: OBSPRED_ID, dtype: int64","2718    2975
Name: OBSPRED_ID, dtype: int64","2360    2027
2361    2087
Name: OBSPRED_ID, dtype: int64","238    839
239    889
240    983
Name: OBSPRED_ID, dtype: int64","571     904
572    1004
Name: OBSPRED_ID, dtype: int64","3109    3538
Name: OBSPRED_ID, dtype: int64","1042    1219
Name: OBSPRED_ID, dtype: int64","420     3288
421     3322
3107    3536
Name: OBSPRED_ID, dtype: int64","415    3287
Name: OBSPRED_ID, dtype: int64","1904    1958
Name: OBSPRED_ID, dtype: int64","1157    1348
1158    1435
Name: OBSPRED_ID, dtype: int64","1206     924
1207    1023
Name: OBSPRED_ID, dtype: int64","138    1811
Name: OBSPRED_ID, dtype: int64","2227    2836
Name: OBSPRED_ID, dtype: int64","2799    2745
Name: OBSPRED_ID, dtype: int64","2432    2142
Name: OBSPRED_ID, dtype: int64","2163    2965
Name: OBSPRED_ID, dtype: int64","1408    1138
1409    1421
Name: OBSPRED_ID, dtype: int64","1413    1404
Name: OBSPRED_ID, dtype: int64","1490    127
1492    177
1494    248
1497    389
Name: OBSPRED_ID, dtype: int64","1382    1360
1383    1452
Name: OBSPRED_ID, dtype: int64","1963    1847
1964    1897
1965    1932
1966    1966
Name: OBSPRED_ID, dtype: int64","1680    131
1681    194
1682    273
1683    408
Name: OBSPRED_ID, dtype: int64","2151    2805
Name: OBSPRED_ID, dtype: int64","219    2603
Name: OBSPRED_ID, dtype: int64","1694    1179
Name: OBSPRED_ID, dtype: int64","314    182
315    251
Name: OBSPRED_ID, dtype: int64","2588    3283
2589    3318
2590    3358
2591    3396
2592    3454
3161    3502
3162    3532
3163    3560
Name: OBSPRED_ID, dtype: int64","624    1631
625    1643
626    1659
627    1683
628    1708
629    1733
630    1758
631    1784
Name: OBSPRED_ID, dtype: int64","1671     903
1672    1003
Name: OBSPRED_ID, dtype: int64","1319    1464
Name: OBSPRED_ID, dtype: int64","1163    1806
Name: OBSPRED_ID, dtype: int64","416    3190
417    3212
Name: OBSPRED_ID, dtype: int64","2678    3020
2679    3034
2680    3042
2681    3049
2682    3060
2683    3070
2684    3080
2685    3094
2686    3107
2687    3121
2688    3134
2689    3147
2690    3159
2691    3198
2692    3220
Name: OBSPRED_ID, dtype: int64","216    2547
217    2548
218    2549
Name: OBSPRED_ID, dtype: int64","2982    2702
2983    2709
2984    2717
2985    2722
2986    2726
2987    2731
2988    2736
2989    2742
2990    2750
2991    2755
2992    2759
Name: OBSPRED_ID, dtype: int64","2098    2877
Name: OBSPRED_ID, dtype: int64","2540    2820
Name: OBSPRED_ID, dtype: int64","3246    3565
Name: OBSPRED_ID, dtype: int64","189    334
190    478
191    547
192    614
Name: OBSPRED_ID, dtype: int64","600     934
601    1033
Name: OBSPRED_ID, dtype: int64","2231    2019
2232    2078
2233    2137
Name: OBSPRED_ID, dtype: int64","2866    3163
2867    3181
2868    3203
2869    3225
Name: OBSPRED_ID, dtype: int64","3041    2586
3042    2614
Name: OBSPRED_ID, dtype: int64","3210    3648
Name: OBSPRED_ID, dtype: int64","824    1149
825    1423
Name: OBSPRED_ID, dtype: int64","386    443
387    506
388    574
389    641
390    714
391    769
Name: OBSPRED_ID, dtype: int64","2820    3248
Name: OBSPRED_ID, dtype: int64","1773    707
Name: OBSPRED_ID, dtype: int64","622    1967
623    1977
Name: OBSPRED_ID, dtype: int64","489    2588
Name: OBSPRED_ID, dtype: int64","2059    1148
2060    1288
2061    1422
2062    1494
Name: OBSPRED_ID, dtype: int64","1372    1523
Name: OBSPRED_ID, dtype: int64","1974    1867
1975    1902
1976    1939
Name: OBSPRED_ID, dtype: int64","2411    2981
Name: OBSPRED_ID, dtype: int64","282    112
283    159
284    227
285    302
286    368
287    445
288    508
289    576
290    643
291    716
292    771
293    822
294    873
295    966
Name: OBSPRED_ID, dtype: int64","1419    1124
Name: OBSPRED_ID, dtype: int64","220      9
221     23
222     38
223     60
224     85
225    170
226    242
227    311
228    382
229    460
230    523
231    593
232    660
233    730
234    784
235    836
236    886
237    980
Name: OBSPRED_ID, dtype: int64","2561    2927
Name: OBSPRED_ID, dtype: int64","786    1677
787    1702
788    1727
789    1752
790    1778
791    1803
Name: OBSPRED_ID, dtype: int64","1225    1370
1226    1465
Name: OBSPRED_ID, dtype: int64","2274    2183
Name: OBSPRED_ID, dtype: int64","2806    2325
Name: OBSPRED_ID, dtype: int64","27    2615
28    2633
29    2669
Name: OBSPRED_ID, dtype: int64","2528    2258
Name: OBSPRED_ID, dtype: int64","2357    2024
2358    2085
Name: OBSPRED_ID, dtype: int64","437    824
438    874
439    968
Name: OBSPRED_ID, dtype: int64","2582    3282
2583    3317
2584    3357
2585    3453
Name: OBSPRED_ID, dtype: int64","2211    3423
Name: OBSPRED_ID, dtype: int64","1442    1376
Name: OBSPRED_ID, dtype: int64","1193     53
1194     76
1195    110
1196    156
1197    224
1198    300
1199    364
1200    440
1201    504
1202    573
1203    640
1204    712
1205    767
Name: OBSPRED_ID, dtype: int64","670    1983
Name: OBSPRED_ID, dtype: int64","2369    2035
2370    2156
Name: OBSPRED_ID, dtype: int64","2344    2013
2345    2076
2346    2131
Name: OBSPRED_ID, dtype: int64","2338    2012
2339    2075
2340    2130
Name: OBSPRED_ID, dtype: int64","2279    2062
2280    2185
Name: OBSPRED_ID, dtype: int64","1015    1188
Name: OBSPRED_ID, dtype: int64","3206    3644
Name: OBSPRED_ID, dtype: int64","58    2860
59    2889
60    2920
61    2939
62    2945
Name: OBSPRED_ID, dtype: int64","1634     926
1635    1025
Name: OBSPRED_ID, dtype: int64","2136    2944
Name: OBSPRED_ID, dtype: int64","2841    3273
Name: OBSPRED_ID, dtype: int64","1695    106
1696    151
1697    219
1698    435
1699    499
1700    569
1701    637
1702    762
1703    815
1704    865
1705    958
Name: OBSPRED_ID, dtype: int64","171    268
172    330
173    405
Name: OBSPRED_ID, dtype: int64","2462    3002
Name: OBSPRED_ID, dtype: int64","1872    1840
1873    1848
1874    1865
1875    1900
1876    1919
1877    1936
Name: OBSPRED_ID, dtype: int64","2441    2064
2443    2109
2444    2188
Name: OBSPRED_ID, dtype: int64","1758    531
1759    601
Name: OBSPRED_ID, dtype: int64","2940    3245
Name: OBSPRED_ID, dtype: int64","2634    3397
Name: OBSPRED_ID, dtype: int64","1362    1454
1363    1532
Name: OBSPRED_ID, dtype: int64","2482    2936
Name: OBSPRED_ID, dtype: int64","80    2814
82    2891
Name: OBSPRED_ID, dtype: int64","2505    2813
2506    2830
2507    2861
2508    2890
Name: OBSPRED_ID, dtype: int64","2728    2194
2729    2202
2730    2210
2731    2216
2732    2225
2733    2234
Name: OBSPRED_ID, dtype: int64","1810    619
1812    692
1813    744
1814    797
1815    848
1816    941
Name: OBSPRED_ID, dtype: int64","2119    2913
Name: OBSPRED_ID, dtype: int64","3248    3540
Name: OBSPRED_ID, dtype: int64","2881    3304
2882    3340
2883    3374
2884    3430
3235    3484
3236    3516
3237    3551
3238    3577
3239    3604
Name: OBSPRED_ID, dtype: int64","2723    2195
2724    2205
2725    2212
2726    2218
2727    2227
Name: OBSPRED_ID, dtype: int64","2764    2321
Name: OBSPRED_ID, dtype: int64","891    1209
Name: OBSPRED_ID, dtype: int64","4       3302
5       3338
6       3372
3054    3641
Name: OBSPRED_ID, dtype: int64","1722    1177
Name: OBSPRED_ID, dtype: int64","1051    684
Name: OBSPRED_ID, dtype: int64","3165    3652
Name: OBSPRED_ID, dtype: int64","2598    2574
Name: OBSPRED_ID, dtype: int64","2529    2238
2530    2263
2531    2272
Name: OBSPRED_ID, dtype: int64","2077    1453
2078    1506
Name: OBSPRED_ID, dtype: int64","2225    2801
Name: OBSPRED_ID, dtype: int64","9    3262
Name: OBSPRED_ID, dtype: int64","1358    1128
Name: OBSPRED_ID, dtype: int64","2545    2248
Name: OBSPRED_ID, dtype: int64","1353    1398
1354    1485
Name: OBSPRED_ID, dtype: int64","3167    3659
Name: OBSPRED_ID, dtype: int64","1060    212
1061    290
1062    353
1063    427
1064    490
1065    562
1066    630
1067    701
1068    755
1069    807
1070    858
1071    950
Name: OBSPRED_ID, dtype: int64","1224    1511
Name: OBSPRED_ID, dtype: int64","896    380
897    457
898    520
899    590
900    657
901    727
902    834
903    978
Name: OBSPRED_ID, dtype: int64","2587    2594
Name: OBSPRED_ID, dtype: int64","1359    1127
Name: OBSPRED_ID, dtype: int64","3004    2698
Name: OBSPRED_ID, dtype: int64","2876    2682
2877    2687
Name: OBSPRED_ID, dtype: int64","2524    2971
Name: OBSPRED_ID, dtype: int64","2719    2575
2720    2579
Name: OBSPRED_ID, dtype: int64","1756    530
Name: OBSPRED_ID, dtype: int64","1349    1359
1350    1505
Name: OBSPRED_ID, dtype: int64","125    3188
126    3210
Name: OBSPRED_ID, dtype: int64","1380    1319
1381    1384
Name: OBSPRED_ID, dtype: int64","2557    2241
2558    2255
2559    2266
2560    2274
Name: OBSPRED_ID, dtype: int64","127    2604
Name: OBSPRED_ID, dtype: int64","1336    1444
1337    1502
1338    1529
Name: OBSPRED_ID, dtype: int64","597    763
598    817
599    867
Name: OBSPRED_ID, dtype: int64","3209    3647
Name: OBSPRED_ID, dtype: int64","522    2663
523    2672
Name: OBSPRED_ID, dtype: int64","1360    1132
Name: OBSPRED_ID, dtype: int64","2034    853
2035    945
Name: OBSPRED_ID, dtype: int64","843    1165
Name: OBSPRED_ID, dtype: int64","934      7
935     21
936     36
937     58
938     83
940    119
941    167
943    238
945    310
946    377
948    455
949    517
950    587
951    654
952    725
953    883
955    976
Name: OBSPRED_ID, dtype: int64","1967    1924
Name: OBSPRED_ID, dtype: int64","2104    2935
Name: OBSPRED_ID, dtype: int64","662    1669
663    1693
664    1718
665    1742
666    1768
667    1794
Name: OBSPRED_ID, dtype: int64","136    1812
Name: OBSPRED_ID, dtype: int64","2029    3402
2030    3458
Name: OBSPRED_ID, dtype: int64","42      3261
43      3306
44      3343
45      3380
46      3436
3066    3490
3067    3523
Name: OBSPRED_ID, dtype: int64","2226    2600
Name: OBSPRED_ID, dtype: int64","1233    1517
Name: OBSPRED_ID, dtype: int64","2693    3019
2694    3026
2695    3033
2696    3059
2697    3079
2698    3093
2699    3106
2700    3120
2701    3133
2702    3146
2703    3158
2704    3176
2705    3197
2706    3219
Name: OBSPRED_ID, dtype: int64","2747    2295
2748    2306
Name: OBSPRED_ID, dtype: int64","3217    3654
Name: OBSPRED_ID, dtype: int64","1821     909
1822    1010
Name: OBSPRED_ID, dtype: int64","606    1975
608    1987
Name: OBSPRED_ID, dtype: int64","1763    482
1765    554
1766    621
1767    693
1768    745
1769    798
1770    849
1771    942
Name: OBSPRED_ID, dtype: int64","2601    2984
Name: OBSPRED_ID, dtype: int64","1637    1357
Name: OBSPRED_ID, dtype: int64","2305    2049
2306    2169
Name: OBSPRED_ID, dtype: int64","2027    3403
2028    3459
Name: OBSPRED_ID, dtype: int64","2094    1387
Name: OBSPRED_ID, dtype: int64","2825    3270
2826    3309
2827    3347
2828    3384
2829    3439
3224    3493
Name: OBSPRED_ID, dtype: int64","2714    2204
2715    2211
Name: OBSPRED_ID, dtype: int64","1332    1346
1333    1432
Name: OBSPRED_ID, dtype: int64","1284     17
1285     32
1286     48
1287     70
1288     99
1289    143
1290    209
1291    287
1292    350
1293    424
1294    487
1295    559
1296    627
1297    698
1298    752
1299    804
1300    855
1301    947
Name: OBSPRED_ID, dtype: int64","1172    1155
Name: OBSPRED_ID, dtype: int64","2273    2106
Name: OBSPRED_ID, dtype: int64","2364    2148
Name: OBSPRED_ID, dtype: int64","10      3344
11      3381
12      3437
2099    3491
2100    3524
Name: OBSPRED_ID, dtype: int64","1618     88
1619    125
1620    175
1621    245
1622    314
1623    385
1624    664
1625    734
1626    788
1627    841
1628    891
1629    985
Name: OBSPRED_ID, dtype: int64","1412    1141
Name: OBSPRED_ID, dtype: int64","2300    2043
2301    2164
Name: OBSPRED_ID, dtype: int64","2645    3022
2646    3028
2647    3044
2648    3051
2649    3062
2650    3072
2651    3082
2652    3096
2653    3109
2654    3123
2655    3136
2656    3149
2657    3161
2658    3178
2659    3200
2660    3222
Name: OBSPRED_ID, dtype: int64","834    1126
835    1169
836    1313
837    1374
Name: OBSPRED_ID, dtype: int64","2600    2983
Name: OBSPRED_ID, dtype: int64","1403    1426
Name: OBSPRED_ID, dtype: int64","1790    922
Name: OBSPRED_ID, dtype: int64","886    1277
887    1406
Name: OBSPRED_ID, dtype: int64","1959    1823
1960    1883
1961    1914
1962    1948
Name: OBSPRED_ID, dtype: int64","2243    2046
Name: OBSPRED_ID, dtype: int64","112    2842
Name: OBSPRED_ID, dtype: int64","2930    3251
2931    3255
Name: OBSPRED_ID, dtype: int64","1550    1159
1551    1236
1552    1282
1553    1340
1554    1416
Name: OBSPRED_ID, dtype: int64","360     54
361     77
362    111
363    158
364    226
365    301
366    367
367    444
368    507
369    575
370    642
371    715
372    770
373    821
374    872
375    965
Name: OBSPRED_ID, dtype: int64","524    3056
525    3066
526    3075
527    3089
528    3103
529    3116
530    3129
531    3142
532    3155
533    3171
534    3192
Name: OBSPRED_ID, dtype: int64","2291    2901
Name: OBSPRED_ID, dtype: int64","2331    2020
2332    2079
2333    2138
Name: OBSPRED_ID, dtype: int64","2711    3408
3182    3464
Name: OBSPRED_ID, dtype: int64","170    264
Name: OBSPRED_ID, dtype: int64","2480    2931
Name: OBSPRED_ID, dtype: int64","20      3308
21      3346
22      3383
23      3438
3057    3492
3058    3525
Name: OBSPRED_ID, dtype: int64","2372    2039
2374    2096
2376    2160
Name: OBSPRED_ID, dtype: int64","878    1410
879    1487
880    1525
Name: OBSPRED_ID, dtype: int64","174    266
Name: OBSPRED_ID, dtype: int64","47    2855
Name: OBSPRED_ID, dtype: int64","792    1666
793    1690
794    1715
795    1765
796    1791
Name: OBSPRED_ID, dtype: int64","118    2576
Name: OBSPRED_ID, dtype: int64","2114    2919
Name: OBSPRED_ID, dtype: int64","2628    3195
2629    3216
Name: OBSPRED_ID, dtype: int64","24    2621
25    2641
Name: OBSPRED_ID, dtype: int64","1956    1835
1957    1911
1958    1946
Name: OBSPRED_ID, dtype: int64","2921    2593
2922    2599
2923    2605
Name: OBSPRED_ID, dtype: int64","546     3285
547     3320
548     3360
549     3412
3111    3469
3112    3504
3113    3534
3114    3563
3115    3592
3116    3611
Name: OBSPRED_ID, dtype: int64","1178     925
1179    1024
Name: OBSPRED_ID, dtype: int64","885    1211
Name: OBSPRED_ID, dtype: int64","2316    2060
2317    2105
2318    2182
Name: OBSPRED_ID, dtype: int64","1434    1242
1435    1292
1436    1347
Name: OBSPRED_ID, dtype: int64","2015    1276
2018    1331
Name: OBSPRED_ID, dtype: int64","2536    2240
2537    2247
2538    2254
2539    2265
Name: OBSPRED_ID, dtype: int64","892    1434
Name: OBSPRED_ID, dtype: int64","38      3299
39      3336
40      3370
41      3427
3059    3482
3060    3513
3061    3547
3062    3572
3063    3600
3064    3623
3065    3639
Name: OBSPRED_ID, dtype: int64","70    2765
71    2770
72    2775
73    2781
74    2794
75    2817
76    2865
77    2896
78    2922
79    2948
Name: OBSPRED_ID, dtype: int64","1764    533
Name: OBSPRED_ID, dtype: int64","2865    2587
Name: OBSPRED_ID, dtype: int64","2377    2045
2378    2098
2379    2166
Name: OBSPRED_ID, dtype: int64","2223    2786
Name: OBSPRED_ID, dtype: int64","3166    3660
Name: OBSPRED_ID, dtype: int64","1050    685
Name: OBSPRED_ID, dtype: int64","956    995
Name: OBSPRED_ID, dtype: int64","1444    1147
1445    1274
1446    1329
1447    1403
Name: OBSPRED_ID, dtype: int64","2161    2850
2162    2876
Name: OBSPRED_ID, dtype: int64","653    1624
654    1635
655    1646
656    1668
657    1692
658    1717
659    1741
660    1767
661    1793
Name: OBSPRED_ID, dtype: int64","2139    2915
Name: OBSPRED_ID, dtype: int64","2417    2114
Name: OBSPRED_ID, dtype: int64","513    2624
514    2644
515    2651
516    2655
517    2657
518    2658
519    2662
520    2671
521    2680
Name: OBSPRED_ID, dtype: int64","1655     931
1656    1030
Name: OBSPRED_ID, dtype: int64","422    3289
Name: OBSPRED_ID, dtype: int64","1016    1197
Name: OBSPRED_ID, dtype: int64","52    2878
Name: OBSPRED_ID, dtype: int64","418    3189
419    3211
Name: OBSPRED_ID, dtype: int64","2102    2851
Name: OBSPRED_ID, dtype: int64","1039    1195
Name: OBSPRED_ID, dtype: int64","1977    1874
1978    1882
1979    1913
1980    1947
Name: OBSPRED_ID, dtype: int64","184    192
185    260
186    401
187    474
188    541
Name: OBSPRED_ID, dtype: int64","2240    2044
2241    2097
2242    2165
Name: OBSPRED_ID, dtype: int64","620    1968
621    1978
Name: OBSPRED_ID, dtype: int64","2428    2025
Name: OBSPRED_ID, dtype: int64","2329    2100
2330    2172
Name: OBSPRED_ID, dtype: int64","1757    529
Name: OBSPRED_ID, dtype: int64","2766    2693
Name: OBSPRED_ID, dtype: int64","2933    3253
2934    3256
2935    3259
Name: OBSPRED_ID, dtype: int64","2166    2968
Name: OBSPRED_ID, dtype: int64","122    3460
Name: OBSPRED_ID, dtype: int64","3247    3613
Name: OBSPRED_ID, dtype: int64","2079    2279
2080    2281
2081    2283
Name: OBSPRED_ID, dtype: int64","2471    2997
Name: OBSPRED_ID, dtype: int64","1239    1382
1240    1473
1241    1513
Name: OBSPRED_ID, dtype: int64","1389    1190
Name: OBSPRED_ID, dtype: int64","2293    2838
Name: OBSPRED_ID, dtype: int64","2503    3377
2504    3432
3146    3486
3147    3519
3148    3554
3149    3580
3150    3605
Name: OBSPRED_ID, dtype: int64","1166    1018
Name: OBSPRED_ID, dtype: int64","2941    2704
Name: OBSPRED_ID, dtype: int64","2564    3449
Name: OBSPRED_ID, dtype: int64","1997    2625
1998    2636
1999    2645
Name: OBSPRED_ID, dtype: int64","2169    2907
Name: OBSPRED_ID, dtype: int64","2149    2802
Name: OBSPRED_ID, dtype: int64","2168    2970
Name: OBSPRED_ID, dtype: int64","1180    157
1181    225
1182    365
1183    441
1184    505
1185    963
Name: OBSPRED_ID, dtype: int64","1911    1821
1912    1844
1913    1873
1914    1881
1915    1910
Name: OBSPRED_ID, dtype: int64","3007    2684
Name: OBSPRED_ID, dtype: int64","884    1143
Name: OBSPRED_ID, dtype: int64","1348    1531
Name: OBSPRED_ID, dtype: int64","423     78
424    113
425    161
426    229
427    304
428    371
429    448
430    511
431    579
432    646
433    718
434    773
435    825
436    875
Name: OBSPRED_ID, dtype: int64","2309    2059
2310    2104
2311    2181
Name: OBSPRED_ID, dtype: int64","2351    2022
2352    2081
2353    2140
Name: OBSPRED_ID, dtype: int64","2437    2014
2438    2077
2439    2132
Name: OBSPRED_ID, dtype: int64","1418    1125
Name: OBSPRED_ID, dtype: int64","2721    2711
Name: OBSPRED_ID, dtype: int64","850    1168
855    1469
Name: OBSPRED_ID, dtype: int64","2892    3276
2893    3312
2894    3351
2895    3390
2896    3444
3240    3497
3241    3528
3242    3558
Name: OBSPRED_ID, dtype: int64","2481    2937
Name: OBSPRED_ID, dtype: int64","3220    3666
Name: OBSPRED_ID, dtype: int64","1430    1225
1431    1255
1432    1308
1433    1367
Name: OBSPRED_ID, dtype: int64","132    1815
Name: OBSPRED_ID, dtype: int64","208    193
209    261
210    326
211    402
212    475
213    542
214    610
215    677
Name: OBSPRED_ID, dtype: int64","904      8
905     22
906     37
907     59
908     84
909    120
910    168
911    239
912    378
913    518
914    588
915    655
Name: OBSPRED_ID, dtype: int64","2637    3284
2638    3319
2639    3359
2640    3399
2641    3455
3172    3503
3173    3533
3174    3561
3175    3590
3176    3630
Name: OBSPRED_ID, dtype: int64","2643    3401
2644    3457
Name: OBSPRED_ID, dtype: int64","1323    1368
Name: OBSPRED_ID, dtype: int64","2821    3169
2822    3187
2823    3209
2824    3232
Name: OBSPRED_ID, dtype: int64","1467      2
1468     11
1469     26
1470     41
1471     63
1472     91
1473    133
1474    197
1475    276
1476    339
1477    413
1478    548
1479    616
1480    689
1481    741
1482    794
1483    845
1484    937
Name: OBSPRED_ID, dtype: int64","1052    686
Name: OBSPRED_ID, dtype: int64","602    1992
Name: OBSPRED_ID, dtype: int64","2117    2885
2118    2914
Name: OBSPRED_ID, dtype: int64","81    2868
83    2924
Name: OBSPRED_ID, dtype: int64","89      3291
90      3323
91      3363
92      3417
3086    3471
3087    3506
3088    3539
3089    3594
3090    3615
3091    3632
Name: OBSPRED_ID, dtype: int64","675    1974
676    1986
Name: OBSPRED_ID, dtype: int64","2296    2082
Name: OBSPRED_ID, dtype: int64","121    680
Name: OBSPRED_ID, dtype: int64","2455    3001
Name: OBSPRED_ID, dtype: int64","3009    3275
3010    3311
3011    3350
3012    3389
3013    3443
3243    3496
3244    3527
Name: OBSPRED_ID, dtype: int64","2573    3184
2574    3206
2575    3229
Name: OBSPRED_ID, dtype: int64","3213    3650
Name: OBSPRED_ID, dtype: int64","2509    2828
2510    2858
2511    2887
Name: OBSPRED_ID, dtype: int64","820    615
821    688
822    740
823    793
Name: OBSPRED_ID, dtype: int64","31    2626
Name: OBSPRED_ID, dtype: int64","1981    1880
1982    1909
1983    1945
Name: OBSPRED_ID, dtype: int64","2771    2689
2772    2694
Name: OBSPRED_ID, dtype: int64","376    187
377    255
378    321
379    397
380    470
381    537
382    606
Name: OBSPRED_ID, dtype: int64","1167    1333
Name: OBSPRED_ID, dtype: int64","2936    3233
2937    3237
2938    3242
Name: OBSPRED_ID, dtype: int64","894    337
895    410
Name: OBSPRED_ID, dtype: int64","97     3012
98     3017
99     3024
100    3031
101    3038
102    3046
103    3054
104    3064
105    3073
106    3087
107    3101
108    3114
109    3127
Name: OBSPRED_ID, dtype: int64","1661    1161
Name: OBSPRED_ID, dtype: int64","3207    3642
Name: OBSPRED_ID, dtype: int64","1796    130
1798    180
1801    316
1803    392
1805    468
1807    534
1809    604
1811    673
Name: OBSPRED_ID, dtype: int64","1038    1196
Name: OBSPRED_ID, dtype: int64","134    263
135    327
Name: OBSPRED_ID, dtype: int64","871    1198
Name: OBSPRED_ID, dtype: int64","1388    1408
Name: OBSPRED_ID, dtype: int64","1168     919
1170    1019
Name: OBSPRED_ID, dtype: int64","26    2617
Name: OBSPRED_ID, dtype: int64","1612    1358
Name: OBSPRED_ID, dtype: int64","2179    3325
Name: OBSPRED_ID, dtype: int64","2541    2243
2542    2259
Name: OBSPRED_ID, dtype: int64","2526    2269
2527    2277
Name: OBSPRED_ID, dtype: int64","2478    2917
Name: OBSPRED_ID, dtype: int64","2842    3305
2843    3341
2844    3375
2845    3431
3226    3485
3227    3517
3228    3552
3229    3578
Name: OBSPRED_ID, dtype: int64","1364    1192
1365    1268
1366    1323
1367    1390
1368    1477
Name: OBSPRED_ID, dtype: int64","2975    2699
Name: OBSPRED_ID, dtype: int64","2294    2899
Name: OBSPRED_ID, dtype: int64","2513    2870
2514    2900
Name: OBSPRED_ID, dtype: int64","2568    2298
2569    2313
2570    2323
Name: OBSPRED_ID, dtype: int64","2325    2839
2326    2847
Name: OBSPRED_ID, dtype: int64","881    1199
Name: OBSPRED_ID, dtype: int64","2244    2048
Name: OBSPRED_ID, dtype: int64","131    1814
Name: OBSPRED_ID, dtype: int64","844    1467
Name: OBSPRED_ID, dtype: int64","2603    2985
Name: OBSPRED_ID, dtype: int64","2106    2766
2107    2771
2108    2776
2109    2783
2110    2798
Name: OBSPRED_ID, dtype: int64","916    458
917    521
918    591
919    658
920    728
921    783
922    835
923    885
924    979
Name: OBSPRED_ID, dtype: int64","1569    114
1570    232
1571    513
1572    582
1573    648
1574    776
1575    828
1576    878
1577    971
Name: OBSPRED_ID, dtype: int64","2800    2308
2801    2320
Name: OBSPRED_ID, dtype: int64","2624    3014
2625    3174
2626    3196
2627    3217
Name: OBSPRED_ID, dtype: int64","1424    1325
1425    1394
Name: OBSPRED_ID, dtype: int64","2319    2833
Name: OBSPRED_ID, dtype: int64","2122    2809
Name: OBSPRED_ID, dtype: int64","1216    1243
1217    1295
1218    1350
1219    1440
1220    1499
Name: OBSPRED_ID, dtype: int64","2072    1154
2076    1507
Name: OBSPRED_ID, dtype: int64","2793    3268
2794    3281
2795    3356
2796    3395
2797    3448
3197    3501
3198    3531
3199    3587
3200    3610
3201    3627
Name: OBSPRED_ID, dtype: int64","2172    2959
Name: OBSPRED_ID, dtype: int64","1357    1193
Name: OBSPRED_ID, dtype: int64","474    387
475    466
476    528
477    599
478    667
479    791
480    843
481    893
482    987
Name: OBSPRED_ID, dtype: int64","2778    3267
2779    3280
2780    3316
2781    3355
2782    3394
2783    3447
3192    3500
3193    3530
3194    3586
3195    3609
3196    3626
Name: OBSPRED_ID, dtype: int64","2755    2310
Name: OBSPRED_ID, dtype: int64","1387    1515
Name: OBSPRED_ID, dtype: int64","1578    1339
Name: OBSPRED_ID, dtype: int64","2710    3405
3180    3462
3181    3591
Name: OBSPRED_ID, dtype: int64","2939    3258
Name: OBSPRED_ID, dtype: int64","124    671
Name: OBSPRED_ID, dtype: int64","3216    3667
Name: OBSPRED_ID, dtype: int64","1339    1263
1341    1315
1343    1378
1345    1471
Name: OBSPRED_ID, dtype: int64","2924    3254
2925    3257
2926    3260
Name: OBSPRED_ID, dtype: int64","2808    2688
2809    2692
Name: OBSPRED_ID, dtype: int64","1122     57
1123     82
1124    118
1125    166
1126    236
1127    309
1128    375
1129    453
1130    652
1131    723
1132    780
1133    832
1134    882
1135    975
Name: OBSPRED_ID, dtype: int64","2321    2003
2322    2120
Name: OBSPRED_ID, dtype: int64","1930    1878
1931    1886
1932    1918
1933    1952
Name: OBSPRED_ID, dtype: int64","975     914
976    1015
Name: OBSPRED_ID, dtype: int64","1660    1162
Name: OBSPRED_ID, dtype: int64","2576    3085
2577    3099
2578    3112
2579    3126
2580    3140
2581    3153
Name: OBSPRED_ID, dtype: int64","671    1972
672    1982
Name: OBSPRED_ID, dtype: int64","2359    2149
Name: OBSPRED_ID, dtype: int64","2336    2141
Name: OBSPRED_ID, dtype: int64","954    897
957    996
Name: OBSPRED_ID, dtype: int64","2773    2686
Name: OBSPRED_ID, dtype: int64","2976    2203
2977    2217
2978    2235
Name: OBSPRED_ID, dtype: int64","1774    103
1775    148
1776    216
1777    294
1778    357
1779    430
1780    494
1781    565
1782    634
1783    705
1784    759
1785    811
1786    862
1788    953
Name: OBSPRED_ID, dtype: int64","1010    1267
1011    1322
1012    1388
Name: OBSPRED_ID, dtype: int64","2494    2822
2495    2904
Name: OBSPRED_ID, dtype: int64","2712    3410
3183    3466
Name: OBSPRED_ID, dtype: int64","465    388
466    467
467    600
468    668
469    737
470    792
471    844
472    894
473    988
Name: OBSPRED_ID, dtype: int64","408    265
409    476
410    544
411    612
Name: OBSPRED_ID, dtype: int64","2890    2602
2891    2606
Name: OBSPRED_ID, dtype: int64","2500    2821
Name: OBSPRED_ID, dtype: int64","401    580
402    647
403    719
404    775
405    827
406    877
407    970
Name: OBSPRED_ID, dtype: int64","2193    2803
2194    2848
2195    2873
2196    2906
2197    2933
2198    2941
2199    2953
Name: OBSPRED_ID, dtype: int64","2422    2038
2423    2095
2424    2159
Name: OBSPRED_ID, dtype: int64","2804    2309
Name: OBSPRED_ID, dtype: int64","1227    1510
Name: OBSPRED_ID, dtype: int64","997    1302
998    1455
Name: OBSPRED_ID, dtype: int64","398    267
399    329
400    404
Name: OBSPRED_ID, dtype: int64","2485    3000
Name: OBSPRED_ID, dtype: int64","2786    2317
Name: OBSPRED_ID, dtype: int64","2216    3425
Name: OBSPRED_ID, dtype: int64","1503    128
1504    178
1505    249
1506    315
1507    390
Name: OBSPRED_ID, dtype: int64","1943    1841
1944    1849
1945    1857
1946    1866
1947    1938
Name: OBSPRED_ID, dtype: int64","2567    2285
Name: OBSPRED_ID, dtype: int64","1396    1136
1397    1266
1398    1321
1399    1386
Name: OBSPRED_ID, dtype: int64","2722    2597
Name: OBSPRED_ID, dtype: int64","2769    2296
2770    2311
Name: OBSPRED_ID, dtype: int64","2447    2018
2448    2136
Name: OBSPRED_ID, dtype: int64","863    1828
864    1838
865    1891
866    1926
867    1960
Name: OBSPRED_ID, dtype: int64","604    1995
Name: OBSPRED_ID, dtype: int64","1919    1843
1920    1907
1921    1943
Name: OBSPRED_ID, dtype: int64","2434    2021
2435    2080
2436    2139
Name: OBSPRED_ID, dtype: int64","2307    2057
2308    2179
Name: OBSPRED_ID, dtype: int64","2512    3241
Name: OBSPRED_ID, dtype: int64","3033    2198
3035    2207
3036    2221
3038    2230
Name: OBSPRED_ID, dtype: int64","1044    1207
Name: OBSPRED_ID, dtype: int64","2269    2174
Name: OBSPRED_ID, dtype: int64","1320    1447
1321    1503
Name: OBSPRED_ID, dtype: int64","2717    2976
Name: OBSPRED_ID, dtype: int64","673    1971
674    1981
Name: OBSPRED_ID, dtype: int64","1869    1850
1870    1869
1871    1904
Name: OBSPRED_ID, dtype: int64","1891    1833
1892    1871
1893    1906
1894    1941
Name: OBSPRED_ID, dtype: int64","1464    915
Name: OBSPRED_ID, dtype: int64","2777    3450
Name: OBSPRED_ID, dtype: int64","1902    1860
1903    1922
Name: OBSPRED_ID, dtype: int64","1049    687
Name: OBSPRED_ID, dtype: int64","1222    1369
1223    1463
Name: OBSPRED_ID, dtype: int64","1008    1204
1009    1461
Name: OBSPRED_ID, dtype: int64","3110    3562
Name: OBSPRED_ID, dtype: int64","1659    1160
Name: OBSPRED_ID, dtype: int64","2477    2947
Name: OBSPRED_ID, dtype: int64","2565    2324
2566    2326
Name: OBSPRED_ID, dtype: int64","2449    2826
Name: OBSPRED_ID, dtype: int64","2214    2793
2215    2894
Name: OBSPRED_ID, dtype: int64","1209    1245
1210    1443
Name: OBSPRED_ID, dtype: int64","720    1636
721    1649
722    1672
723    1696
724    1721
725    1746
726    1772
727    1798
Name: OBSPRED_ID, dtype: int64","2870    3441
Name: OBSPRED_ID, dtype: int64","8    3263
Name: OBSPRED_ID, dtype: int64","2327    2050
Name: OBSPRED_ID, dtype: int64","1657     911
1658    1012
Name: OBSPRED_ID, dtype: int64","1724    896
1726    991
Name: OBSPRED_ID, dtype: int64","1378    1172
1379    1391
Name: OBSPRED_ID, dtype: int64","2636    3398
Name: OBSPRED_ID, dtype: int64","1630    1248
1631    1300
1632    1354
1633    1450
Name: OBSPRED_ID, dtype: int64","1922    1876
1923    1916
1924    1950
Name: OBSPRED_ID, dtype: int64","2630    2607
2631    2610
Name: OBSPRED_ID, dtype: int64","2463    3006
Name: OBSPRED_ID, dtype: int64","1402    1151
Name: OBSPRED_ID, dtype: int64","584     929
585    1028
Name: OBSPRED_ID, dtype: int64","1948    1820
1949    1872
1950    1879
1951    1908
1952    1944
Name: OBSPRED_ID, dtype: int64","2278    2862
Name: OBSPRED_ID, dtype: int64","830    1428
831    1496
Name: OBSPRED_ID, dtype: int64","848    1261
Name: OBSPRED_ID, dtype: int64","2798    2291
Name: OBSPRED_ID, dtype: int64","779    1634
780    1665
781    1689
782    1714
783    1739
784    1764
785    1790
Name: OBSPRED_ID, dtype: int64","612    1973
613    1985
Name: OBSPRED_ID, dtype: int64","2137    2800
2138    2823
Name: OBSPRED_ID, dtype: int64","1939    1832
1940    1842
1941    1870
1942    1905
Name: OBSPRED_ID, dtype: int64","2442    2108
Name: OBSPRED_ID, dtype: int64","2735    2190
2736    2197
2737    2213
2738    2220
2739    2229
Name: OBSPRED_ID, dtype: int64","638    1623
639    1633
640    1645
641    1662
642    1686
643    1711
644    1736
645    1761
646    1787
Name: OBSPRED_ID, dtype: int64","2456    3007
Name: OBSPRED_ID, dtype: int64","868    1829
869    1892
870    1927
Name: OBSPRED_ID, dtype: int64","2759    3279
2760    3315
2761    3354
2762    3393
2763    3446
3190    3499
Name: OBSPRED_ID, dtype: int64","2415    2067
2416    2116
Name: OBSPRED_ID, dtype: int64","803    1675
804    1699
805    1724
806    1749
807    1775
808    1801
Name: OBSPRED_ID, dtype: int64","1156    679
Name: OBSPRED_ID, dtype: int64","169    3416
Name: OBSPRED_ID, dtype: int64","1817    694
1818    746
1819    799
1820    850
Name: OBSPRED_ID, dtype: int64","3040    2287
Name: OBSPRED_ID, dtype: int64","2220    2797
2221    2952
Name: OBSPRED_ID, dtype: int64","1257    144
1258    210
1259    288
1260    351
1261    425
1262    488
1263    560
1264    628
1265    699
1266    753
1267    805
1268    856
1269    948
Name: OBSPRED_ID, dtype: int64","1395    1139
Name: OBSPRED_ID, dtype: int64","7    3265
Name: OBSPRED_ID, dtype: int64","1335    1298
Name: OBSPRED_ID, dtype: int64","875     3404
3160    3461
Name: OBSPRED_ID, dtype: int64","2860    3272
Name: OBSPRED_ID, dtype: int64","1857    134
1858    198
1859    340
1860    414
1861    549
Name: OBSPRED_ID, dtype: int64","2642    2580
Name: OBSPRED_ID, dtype: int64","34    2278
35    2280
36    2282
37    2284
Name: OBSPRED_ID, dtype: int64","860    1270
861    1393
862    1479
Name: OBSPRED_ID, dtype: int64","876    1278
877    1334
Name: OBSPRED_ID, dtype: int64","1171    1217
Name: OBSPRED_ID, dtype: int64","3202    3629
Name: OBSPRED_ID, dtype: int64","2156    2790
2157    2812
Name: OBSPRED_ID, dtype: int64","193    190
194    258
195    324
196    399
197    472
198    539
199    608
200    676
201    739
202    992
Name: OBSPRED_ID, dtype: int64","2025    2619
2026    2676
Name: OBSPRED_ID, dtype: int64","2572    2697
Name: OBSPRED_ID, dtype: int64","1448    1320
Name: OBSPRED_ID, dtype: int64","2404    2032
2405    2091
2406    2154
Name: OBSPRED_ID, dtype: int64","845    1187
846    1224
847    1228
Name: OBSPRED_ID, dtype: int64","811    1657
812    1681
813    1706
814    1731
815    1756
816    1782
Name: OBSPRED_ID, dtype: int64","149    184
150    253
151    319
152    395
153    469
154    536
155    605
156    674
Name: OBSPRED_ID, dtype: int64","2105    2926
Name: OBSPRED_ID, dtype: int64","2855    3139
2856    3152
2857    3165
2858    3204
2859    3227
Name: OBSPRED_ID, dtype: int64","1159    181
1160    250
1161    317
1162    393
Name: OBSPRED_ID, dtype: int64","1316    1524
Name: OBSPRED_ID, dtype: int64","1404    1427
Name: OBSPRED_ID, dtype: int64","1823     79
1824    115
1825    163
1826    233
1827    306
1828    372
1829    450
1830    514
1831    583
1832    649
1833    720
1834    777
1835    829
1836    879
1837    972
Name: OBSPRED_ID, dtype: int64"
